# generation power_min power_avg power_max util_min util_avg util_max
1 67.147176 83.695446 99.707758 -4.989745 -3.309852 -1.909974
100 46.399062 63.554259 74.704971 -4.989745 -3.633423 -2.398031
200 35.738097 49.209805 55.469631 -4.585314 -3.577449 -2.175501
300 29.669988 37.477146 43.450059 -4.170549 -3.490529 -2.829443
400 24.049016 29.172209 33.094122 -3.938032 -3.333923 -2.693302
500 17.975919 22.907585 26.000962 -3.626273 -3.233471 -2.573692
600 12.306853 16.937909 19.160845 -3.746294 -3.228778 -2.741371
700 10.795879 12.847418 14.741374 -3.519350 -3.050797 -2.753740
800 7.263339 9.947209 11.356256 -3.321255 -3.121392 -2.952267
900 4.822854 8.025514 8.958162 -3.166728 -3.070496 -3.030132
1000 4.502104 6.836088 7.505609 -3.197625 -3.062852 -2.928224
1100 3.332735 5.525571 6.564642 -3.232865 -3.108266 -2.951765
1200 2.246796 2.920930 4.209509 -3.232865 -3.190105 -3.091274
1300 2.246796 2.246796 2.246796 -3.207319 -3.207319 -3.207319
1400 2.246796 2.246796 2.246796 -3.207319 -3.207319 -3.207319
1500 2.246796 2.246796 2.246796 -3.207319 -3.207319 -3.207319
1600 2.246796 2.246796 2.246796 -3.207319 -3.207319 -3.207319
1700 2.246796 2.246796 2.246796 -3.207319 -3.207319 -3.207319
1800 2.246796 2.246796 2.246796 -3.207319 -3.207319 -3.207319
1900 2.246796 2.246796 2.246796 -3.207319 -3.207319 -3.207319
2000 2.246796 2.246796 2.246796 -3.207319 -3.207319 -3.207319
2100 2.246796 2.246796 2.246796 -3.207319 -3.207319 -3.207319
2200 2.246796 2.246796 2.246796 -3.207319 -3.207319 -3.207319
2300 2.246796 2.246796 2.246796 -3.207319 -3.207319 -3.207319
2400 2.246796 2.246796 2.246796 -3.207319 -3.207319 -3.207319
2500 2.246796 2.246796 2.246796 -3.207319 -3.207319 -3.207319
2600 2.246796 2.246796 2.246796 -3.207319 -3.207319 -3.207319
2700 2.246796 2.246796 2.246796 -3.207319 -3.207319 -3.207319
2800 2.246796 2.246796 2.246796 -3.207319 -3.207319 -3.207319
2900 2.246796 2.246796 2.246796 -3.207319 -3.207319 -3.207319
3000 2.246796 2.246796 2.246796 -3.207319 -3.207319 -3.207319
3100 2.246796 2.246796 2.246796 -3.207319 -3.207319 -3.207319
3200 2.246796 2.246796 2.246796 -3.207319 -3.207319 -3.207319
3300 2.246796 2.246796 2.246796 -3.207319 -3.207319 -3.207319
3400 2.246796 2.246796 2.246796 -3.207319 -3.207319 -3.207319
3500 2.246796 2.246796 2.246796 -3.207319 -3.207319 -3.207319
3600 2.246796 2.246796 2.246796 -3.207319 -3.207319 -3.207319
3700 2.246796 2.246796 2.246796 -3.207319 -3.207319 -3.207319
3800 2.246796 2.246796 2.246796 -3.207319 -3.207319 -3.207319
3900 2.246796 2.246796 2.246796 -3.207319 -3.207319 -3.207319
4000 2.246796 2.246796 2.246796 -3.207319 -3.207319 -3.207319
4100 2.246796 2.246796 2.246796 -3.207319 -3.207319 -3.207319
4200 2.246796 2.246796 2.246796 -3.207319 -3.207319 -3.207319
4300 2.246796 2.246796 2.246796 -3.207319 -3.207319 -3.207319
4400 2.246796 2.246796 2.246796 -3.207319 -3.207319 -3.207319
4500 2.246796 2.246796 2.246796 -3.207319 -3.207319 -3.207319
4600 2.246796 2.246796 2.246796 -3.207319 -3.207319 -3.207319
4700 2.246796 2.246796 2.246796 -3.207319 -3.207319 -3.207319
4800 2.246796 2.246796 2.246796 -3.207319 -3.207319 -3.207319
4900 2.246796 2.246796 2.246796 -3.207319 -3.207319 -3.207319
5000 2.246796 2.246796 2.246796 -3.207319 -3.207319 -3.207319
5100 2.246796 2.246796 2.246796 -3.207319 -3.207319 -3.207319
5200 2.246796 2.246796 2.246796 -3.207319 -3.207319 -3.207319
5300 2.246796 2.246796 2.246796 -3.207319 -3.207319 -3.207319
5400 2.246796 2.246796 2.246796 -3.207319 -3.207319 -3.207319
5500 2.246796 2.246796 2.246796 -3.207319 -3.207319 -3.207319
5600 2.246796 2.246796 2.246796 -3.207319 -3.207319 -3.207319
5700 2.246796 2.246796 2.246796 -3.207319 -3.207319 -3.207319
5800 2.246796 2.246796 2.246796 -3.207319 -3.207319 -3.207319
5900 2.246796 2.246796 2.246796 -3.207319 -3.207319 -3.207319
6000 2.246796 2.246796 2.246796 -3.207319 -3.207319 -3.207319
6100 2.246796 2.246796 2.246796 -3.207319 -3.207319 -3.207319
6200 2.246796 2.246796 2.246796 -3.207319 -3.207319 -3.207319
6300 2.246796 2.246796 2.246796 -3.207319 -3.207319 -3.207319
6400 2.246796 2.246796 2.246796 -3.207319 -3.207319 -3.207319
6500 2.246796 2.246796 2.246796 -3.207319 -3.207319 -3.207319
6600 2.246796 2.246796 2.246796 -3.207319 -3.207319 -3.207319
6700 2.246796 2.246796 2.246796 -3.207319 -3.207319 -3.207319
6800 2.246796 2.246796 2.246796 -3.207319 -3.207319 -3.207319
6900 2.246796 2.246796 2.246796 -3.207319 -3.207319 -3.207319
7000 2.246796 2.246796 2.246796 -3.207319 -3.207319 -3.207319
7100 2.246796 2.246796 2.246796 -3.207319 -3.207319 -3.207319
7200 2.246796 2.246796 2.246796 -3.207319 -3.207319 -3.207319
7300 2.246796 2.246796 2.246796 -3.207319 -3.207319 -3.207319
7400 2.246796 2.246796 2.246796 -3.207319 -3.207319 -3.207319
7500 2.246796 2.246796 2.246796 -3.207319 -3.207319 -3.207319
7600 2.246796 2.246796 2.246796 -3.207319 -3.207319 -3.207319
7700 2.246796 2.246796 2.246796 -3.207319 -3.207319 -3.207319
7800 2.246796 2.246796 2.246796 -3.207319 -3.207319 -3.207319
7900 2.246796 2.246796 2.246796 -3.207319 -3.207319 -3.207319
8000 2.246796 2.246796 2.246796 -3.207319 -3.207319 -3.207319
8100 2.246796 2.246796 2.246796 -3.207319 -3.207319 -3.207319
8200 2.246796 2.246796 2.246796 -3.207319 -3.207319 -3.207319
8300 2.246796 2.246796 2.246796 -3.207319 -3.207319 -3.207319
8400 2.246796 2.246796 2.246796 -3.207319 -3.207319 -3.207319
8500 2.246796 2.246796 2.246796 -3.207319 -3.207319 -3.207319
8600 2.246796 2.246796 2.246796 -3.207319 -3.207319 -3.207319
8700 2.246796 2.246796 2.246796 -3.207319 -3.207319 -3.207319
8800 2.246796 2.246796 2.246796 -3.207319 -3.207319 -3.207319
8900 2.246796 2.246796 2.246796 -3.207319 -3.207319 -3.207319
9000 2.246796 2.246796 2.246796 -3.207319 -3.207319 -3.207319
9100 2.246796 2.246796 2.246796 -3.207319 -3.207319 -3.207319
9200 2.246796 2.246796 2.246796 -3.207319 -3.207319 -3.207319
9300 2.246796 2.246796 2.246796 -3.207319 -3.207319 -3.207319
9400 2.246796 2.246796 2.246796 -3.207319 -3.207319 -3.207319
9500 2.246796 2.246796 2.246796 -3.207319 -3.207319 -3.207319
9600 2.246796 2.246796 2.246796 -3.207319 -3.207319 -3.207319
9700 2.246796 2.246796 2.246796 -3.207319 -3.207319 -3.207319
9800 2.246796 2.246796 2.246796 -3.207319 -3.207319 -3.207319
9900 2.246796 2.246796 2.246796 -3.207319 -3.207319 -3.207319
10000 2.246796 2.246796 2.246796 -3.207319 -3.207319 -3.207319
10100 2.246796 2.246796 2.246796 -3.207319 -3.207319 -3.207319
10200 2.246796 2.246796 2.246796 -3.207319 -3.207319 -3.207319
10300 2.246796 2.246796 2.246796 -3.207319 -3.207319 -3.207319
10400 2.246796 2.246796 2.246796 -3.207319 -3.207319 -3.207319
10500 2.246796 2.246796 2.246796 -3.207319 -3.207319 -3.207319
10600 2.246796 2.246796 2.246796 -3.207319 -3.207319 -3.207319
10700 2.246796 2.246796 2.246796 -3.207319 -3.207319 -3.207319
10800 2.246796 2.246796 2.246796 -3.207319 -3.207319 -3.207319
10900 2.246796 2.246796 2.246796 -3.207319 -3.207319 -3.207319
11000 2.246796 2.246796 2.246796 -3.207319 -3.207319 -3.207319
11100 2.246796 2.246796 2.246796 -3.207319 -3.207319 -3.207319
11200 2.246796 2.246796 2.246796 -3.207319 -3.207319 -3.207319
11300 2.246796 2.246796 2.246796 -3.207319 -3.207319 -3.207319
11400 2.246796 2.246796 2.246796 -3.207319 -3.207319 -3.207319
11500 2.246796 2.246796 2.246796 -3.207319 -3.207319 -3.207319
11600 2.246796 2.246796 2.246796 -3.207319 -3.207319 -3.207319
11700 2.246796 2.246796 2.246796 -3.207319 -3.207319 -3.207319
11800 2.246796 2.246796 2.246796 -3.207319 -3.207319 -3.207319
11900 2.246796 2.246796 2.246796 -3.207319 -3.207319 -3.207319
12000 2.246796 2.246796 2.246796 -3.207319 -3.207319 -3.207319
12100 2.246796 2.246796 2.246796 -3.207319 -3.207319 -3.207319
12200 2.246796 2.246796 2.246796 -3.207319 -3.207319 -3.207319
12300 2.246796 2.246796 2.246796 -3.207319 -3.207319 -3.207319
12400 2.246796 2.246796 2.246796 -3.207319 -3.207319 -3.207319
12500 2.246796 2.246796 2.246796 -3.207319 -3.207319 -3.207319
12600 2.246796 2.246796 2.246796 -3.207319 -3.207319 -3.207319
12700 2.246796 2.246796 2.246796 -3.207319 -3.207319 -3.207319
12800 2.246796 2.246796 2.246796 -3.207319 -3.207319 -3.207319
12900 2.246796 2.246796 2.246796 -3.207319 -3.207319 -3.207319
13000 2.246796 2.246796 2.246796 -3.207319 -3.207319 -3.207319
13100 2.246796 2.246796 2.246796 -3.207319 -3.207319 -3.207319
13200 2.246796 2.246796 2.246796 -3.207319 -3.207319 -3.207319
13300 2.246796 2.246796 2.246796 -3.207319 -3.207319 -3.207319
13400 2.246796 2.246796 2.246796 -3.207319 -3.207319 -3.207319
13500 2.246796 2.246796 2.246796 -3.207319 -3.207319 -3.207319
13600 2.246796 2.246796 2.246796 -3.207319 -3.207319 -3.207319
13700 2.246796 2.246796 2.246796 -3.207319 -3.207319 -3.207319
13800 2.246796 2.246796 2.246796 -3.207319 -3.207319 -3.207319
13900 2.246796 2.246796 2.246796 -3.207319 -3.207319 -3.207319
14000 2.246796 2.246796 2.246796 -3.207319 -3.207319 -3.207319
14100 2.246796 2.246796 2.246796 -3.207319 -3.207319 -3.207319
14200 2.246796 2.246796 2.246796 -3.207319 -3.207319 -3.207319
14300 2.246796 2.246796 2.246796 -3.207319 -3.207319 -3.207319
14400 2.246796 2.246796 2.246796 -3.207319 -3.207319 -3.207319
14500 2.246796 2.246796 2.246796 -3.207319 -3.207319 -3.207319
14600 2.246796 2.246796 2.246796 -3.207319 -3.207319 -3.207319
14700 2.246796 2.246796 2.246796 -3.207319 -3.207319 -3.207319
14800 2.246796 2.246796 2.246796 -3.207319 -3.207319 -3.207319
14900 2.246796 2.246796 2.246796 -3.207319 -3.207319 -3.207319
15000 2.246796 2.246796 2.246796 -3.207319 -3.207319 -3.207319
15100 2.246796 2.246796 2.246796 -3.207319 -3.207319 -3.207319
15200 2.246796 2.246796 2.246796 -3.207319 -3.207319 -3.207319
15300 2.246796 2.246796 2.246796 -3.207319 -3.207319 -3.207319
15400 2.246796 2.246796 2.246796 -3.207319 -3.207319 -3.207319
15500 2.246796 2.246796 2.246796 -3.207319 -3.207319 -3.207319
15600 2.246796 2.246796 2.246796 -3.207319 -3.207319 -3.207319
15700 2.246796 2.246796 2.246796 -3.207319 -3.207319 -3.207319
15800 2.246796 2.246796 2.246796 -3.207319 -3.207319 -3.207319
15900 2.246796 2.246796 2.246796 -3.207319 -3.207319 -3.207319
16000 2.246796 2.246796 2.246796 -3.207319 -3.207319 -3.207319
16100 2.246796 2.246796 2.246796 -3.207319 -3.207319 -3.207319
16200 2.246796 2.246796 2.246796 -3.207319 -3.207319 -3.207319
16300 2.246796 2.246796 2.246796 -3.207319 -3.207319 -3.207319
16400 2.246796 2.246796 2.246796 -3.207319 -3.207319 -3.207319
16500 2.246796 2.246796 2.246796 -3.207319 -3.207319 -3.207319
16600 2.246796 2.246796 2.246796 -3.207319 -3.207319 -3.207319
16700 2.246796 2.246796 2.246796 -3.207319 -3.207319 -3.207319
16800 2.246796 2.246796 2.246796 -3.207319 -3.207319 -3.207319
16900 2.246796 2.246796 2.246796 -3.207319 -3.207319 -3.207319
17000 2.246796 2.246796 2.246796 -3.207319 -3.207319 -3.207319
17100 2.246796 2.246796 2.246796 -3.207319 -3.207319 -3.207319
17200 2.246796 2.246796 2.246796 -3.207319 -3.207319 -3.207319
17300 2.246796 2.246796 2.246796 -3.207319 -3.207319 -3.207319
17400 2.246796 2.246796 2.246796 -3.207319 -3.207319 -3.207319
17500 2.246796 2.246796 2.246796 -3.207319 -3.207319 -3.207319
17600 2.246796 2.246796 2.246796 -3.207319 -3.207319 -3.207319
17700 2.246796 2.246796 2.246796 -3.207319 -3.207319 -3.207319
17800 2.246796 2.246796 2.246796 -3.207319 -3.207319 -3.207319
17900 2.246796 2.246796 2.246796 -3.207319 -3.207319 -3.207319
18000 2.246796 2.246796 2.246796 -3.207319 -3.207319 -3.207319
18100 2.246796 2.246796 2.246796 -3.207319 -3.207319 -3.207319
18200 2.246796 2.246796 2.246796 -3.207319 -3.207319 -3.207319
18300 2.246796 2.246796 2.246796 -3.207319 -3.207319 -3.207319
18400 2.246796 2.246796 2.246796 -3.207319 -3.207319 -3.207319
18500 2.246796 2.246796 2.246796 -3.207319 -3.207319 -3.207319
18600 2.246796 2.246796 2.246796 -3.207319 -3.207319 -3.207319
18700 2.246796 2.246796 2.246796 -3.207319 -3.207319 -3.207319
18800 2.246796 2.246796 2.246796 -3.207319 -3.207319 -3.207319
18900 2.246796 2.246796 2.246796 -3.207319 -3.207319 -3.207319
19000 2.246796 2.246796 2.246796 -3.207319 -3.207319 -3.207319
19100 2.246796 2.246796 2.246796 -3.207319 -3.207319 -3.207319
19200 2.246796 2.246796 2.246796 -3.207319 -3.207319 -3.207319
19300 2.246796 2.246796 2.246796 -3.207319 -3.207319 -3.207319
19400 2.246796 2.246796 2.246796 -3.207319 -3.207319 -3.207319
19500 2.246796 2.246796 2.246796 -3.207319 -3.207319 -3.207319
19600 2.246796 2.246796 2.246796 -3.207319 -3.207319 -3.207319
19700 2.246796 2.246796 2.246796 -3.207319 -3.207319 -3.207319
19800 2.246796 2.246796 2.246796 -3.207319 -3.207319 -3.207319
19900 2.246796 2.246796 2.246796 -3.207319 -3.207319 -3.207319
20000 2.246796 2.246796 2.246796 -3.207319 -3.207319 -3.207319
20100 2.246796 2.246796 2.246796 -3.207319 -3.207319 -3.207319
20200 2.246796 2.246796 2.246796 -3.207319 -3.207319 -3.207319
20300 2.246796 2.246796 2.246796 -3.207319 -3.207319 -3.207319
20400 2.246796 2.246796 2.246796 -3.207319 -3.207319 -3.207319
20500 2.246796 2.246796 2.246796 -3.207319 -3.207319 -3.207319
20600 2.246796 2.246796 2.246796 -3.207319 -3.207319 -3.207319
20700 2.246796 2.246796 2.246796 -3.207319 -3.207319 -3.207319
20800 2.246796 2.246796 2.246796 -3.207319 -3.207319 -3.207319
20900 2.246796 2.246796 2.246796 -3.207319 -3.207319 -3.207319
21000 2.246796 2.246796 2.246796 -3.207319 -3.207319 -3.207319
21100 2.246796 2.246796 2.246796 -3.207319 -3.207319 -3.207319
21200 2.246796 2.246796 2.246796 -3.207319 -3.207319 -3.207319
21300 2.246796 2.246796 2.246796 -3.207319 -3.207319 -3.207319
21400 2.246796 2.246796 2.246796 -3.207319 -3.207319 -3.207319
21500 2.246796 2.246796 2.246796 -3.207319 -3.207319 -3.207319
21600 2.246796 2.246796 2.246796 -3.207319 -3.207319 -3.207319
21700 2.246796 2.246796 2.246796 -3.207319 -3.207319 -3.207319
21800 2.246796 2.246796 2.246796 -3.207319 -3.207319 -3.207319
21900 2.246796 2.246796 2.246796 -3.207319 -3.207319 -3.207319
22000 2.246796 2.246796 2.246796 -3.207319 -3.207319 -3.207319
22100 2.246796 2.246796 2.246796 -3.207319 -3.207319 -3.207319
22200 2.246796 2.246796 2.246796 -3.207319 -3.207319 -3.207319
22300 2.246796 2.246796 2.246796 -3.207319 -3.207319 -3.207319
22400 2.246796 2.246796 2.246796 -3.207319 -3.207319 -3.207319
22500 2.246796 2.246796 2.246796 -3.207319 -3.207319 -3.207319
22600 2.246796 2.246796 2.246796 -3.207319 -3.207319 -3.207319
22700 2.246796 2.246796 2.246796 -3.207319 -3.207319 -3.207319
22800 2.246796 2.246796 2.246796 -3.207319 -3.207319 -3.207319
22900 2.246796 2.246796 2.246796 -3.207319 -3.207319 -3.207319
23000 2.246796 2.246796 2.246796 -3.207319 -3.207319 -3.207319
23100 2.246796 2.246796 2.246796 -3.207319 -3.207319 -3.207319
23200 2.246796 2.246796 2.246796 -3.207319 -3.207319 -3.207319
23300 2.246796 2.246796 2.246796 -3.207319 -3.207319 -3.207319
23400 2.246796 2.246796 2.246796 -3.207319 -3.207319 -3.207319
23500 2.246796 2.246796 2.246796 -3.207319 -3.207319 -3.207319
23600 2.246796 2.246796 2.246796 -3.207319 -3.207319 -3.207319
23700 2.246796 2.246796 2.246796 -3.207319 -3.207319 -3.207319
23800 2.246796 2.246796 2.246796 -3.207319 -3.207319 -3.207319
23900 2.246796 2.246796 2.246796 -3.207319 -3.207319 -3.207319
24000 2.246796 2.246796 2.246796 -3.207319 -3.207319 -3.207319
24100 2.246796 2.246796 2.246796 -3.207319 -3.207319 -3.207319
24200 2.246796 2.246796 2.246796 -3.207319 -3.207319 -3.207319
24300 2.246796 2.246796 2.246796 -3.207319 -3.207319 -3.207319
24400 2.246796 2.246796 2.246796 -3.207319 -3.207319 -3.207319
24500 2.246796 2.246796 2.246796 -3.207319 -3.207319 -3.207319
24600 2.246796 2.246796 2.246796 -3.207319 -3.207319 -3.207319
24700 2.246796 2.246796 2.246796 -3.207319 -3.207319 -3.207319
24800 2.246796 2.246796 2.246796 -3.207319 -3.207319 -3.207319
24900 2.246796 2.246796 2.246796 -3.207319 -3.207319 -3.207319
25000 2.246796 2.246796 2.246796 -3.207319 -3.207319 -3.207319
25100 2.246796 2.246796 2.246796 -3.207319 -3.207319 -3.207319
25200 2.246796 2.246796 2.246796 -3.207319 -3.207319 -3.207319
25300 2.246796 2.246796 2.246796 -3.207319 -3.207319 -3.207319
25400 2.246796 2.246796 2.246796 -3.207319 -3.207319 -3.207319
25500 2.246796 2.246796 2.246796 -3.207319 -3.207319 -3.207319
25600 2.246796 2.246796 2.246796 -3.207319 -3.207319 -3.207319
25700 2.246796 2.246796 2.246796 -3.207319 -3.207319 -3.207319
25800 2.246796 2.246796 2.246796 -3.207319 -3.207319 -3.207319
25900 2.246796 2.246796 2.246796 -3.207319 -3.207319 -3.207319
26000 2.246796 2.246796 2.246796 -3.207319 -3.207319 -3.207319
26100 2.246796 2.246796 2.246796 -3.207319 -3.207319 -3.207319
26200 2.246796 2.246796 2.246796 -3.207319 -3.207319 -3.207319
26300 2.246796 2.246796 2.246796 -3.207319 -3.207319 -3.207319
26400 2.246796 2.246796 2.246796 -3.207319 -3.207319 -3.207319
26500 2.246796 2.246796 2.246796 -3.207319 -3.207319 -3.207319
26600 2.246796 2.246796 2.246796 -3.207319 -3.207319 -3.207319
26700 2.246796 2.246796 2.246796 -3.207319 -3.207319 -3.207319
26800 2.246796 2.246796 2.246796 -3.207319 -3.207319 -3.207319
26900 2.246796 2.246796 2.246796 -3.207319 -3.207319 -3.207319
27000 2.246796 2.246796 2.246796 -3.207319 -3.207319 -3.207319
27100 2.246796 2.246796 2.246796 -3.207319 -3.207319 -3.207319
27200 2.246796 2.246796 2.246796 -3.207319 -3.207319 -3.207319
27300 2.246796 2.246796 2.246796 -3.207319 -3.207319 -3.207319
27400 2.246796 2.246796 2.246796 -3.207319 -3.207319 -3.207319
27500 2.246796 2.246796 2.246796 -3.207319 -3.207319 -3.207319
27600 2.246796 2.246796 2.246796 -3.207319 -3.207319 -3.207319
27700 2.246796 2.246796 2.246796 -3.207319 -3.207319 -3.207319
27800 2.246796 2.246796 2.246796 -3.207319 -3.207319 -3.207319
27900 2.246796 2.246796 2.246796 -3.207319 -3.207319 -3.207319
28000 2.246796 2.246796 2.246796 -3.207319 -3.207319 -3.207319
28100 2.246796 2.246796 2.246796 -3.207319 -3.207319 -3.207319
28200 2.246796 2.246796 2.246796 -3.207319 -3.207319 -3.207319
28300 2.246796 2.246796 2.246796 -3.207319 -3.207319 -3.207319
28400 2.246796 2.246796 2.246796 -3.207319 -3.207319 -3.207319
28500 2.246796 2.246796 2.246796 -3.207319 -3.207319 -3.207319
28600 2.246796 2.246796 2.246796 -3.207319 -3.207319 -3.207319
28700 2.246796 2.246796 2.246796 -3.207319 -3.207319 -3.207319
28800 2.246796 2.246796 2.246796 -3.207319 -3.207319 -3.207319
28900 2.246796 2.246796 2.246796 -3.207319 -3.207319 -3.207319
29000 2.246796 2.246796 2.246796 -3.207319 -3.207319 -3.207319
29100 2.246796 2.246796 2.246796 -3.207319 -3.207319 -3.207319
29200 2.246796 2.246796 2.246796 -3.207319 -3.207319 -3.207319
29300 2.246796 2.246796 2.246796 -3.207319 -3.207319 -3.207319
29400 2.246796 2.246796 2.246796 -3.207319 -3.207319 -3.207319
29500 2.246796 2.246796 2.246796 -3.207319 -3.207319 -3.207319
29600 2.246796 2.246796 2.246796 -3.207319 -3.207319 -3.207319
29700 2.246796 2.246796 2.246796 -3.207319 -3.207319 -3.207319
29800 2.246796 2.246796 2.246796 -3.207319 -3.207319 -3.207319
29900 2.246796 2.246796 2.246796 -3.207319 -3.207319 -3.207319
30000 2.246796 2.246796 2.246796 -3.207319 -3.207319 -3.207319
30100 2.246796 2.246796 2.246796 -3.207319 -3.207319 -3.207319
30200 2.246796 2.246796 2.246796 -3.207319 -3.207319 -3.207319
30300 2.246796 2.246796 2.246796 -3.207319 -3.207319 -3.207319
30400 2.246796 2.246796 2.246796 -3.207319 -3.207319 -3.207319
30500 2.246796 2.246796 2.246796 -3.207319 -3.207319 -3.207319
30600 2.246796 2.246796 2.246796 -3.207319 -3.207319 -3.207319
30700 2.246796 2.246796 2.246796 -3.207319 -3.207319 -3.207319
30800 2.246796 2.246796 2.246796 -3.207319 -3.207319 -3.207319
30900 2.246796 2.246796 2.246796 -3.207319 -3.207319 -3.207319
31000 2.246796 2.246796 2.246796 -3.207319 -3.207319 -3.207319
31100 2.246796 2.246796 2.246796 -3.207319 -3.207319 -3.207319
31200 2.246796 2.246796 2.246796 -3.207319 -3.207319 -3.207319
31300 2.246796 2.246796 2.246796 -3.207319 -3.207319 -3.207319
31400 2.246796 2.246796 2.246796 -3.207319 -3.207319 -3.207319
31500 2.246796 2.246796 2.246796 -3.207319 -3.207319 -3.207319
31600 2.246796 2.246796 2.246796 -3.207319 -3.207319 -3.207319
31700 2.246796 2.246796 2.246796 -3.207319 -3.207319 -3.207319
31800 2.246796 2.246796 2.246796 -3.207319 -3.207319 -3.207319
31900 2.246796 2.246796 2.246796 -3.207319 -3.207319 -3.207319
32000 2.246796 2.246796 2.246796 -3.207319 -3.207319 -3.207319
32100 2.246796 2.246796 2.246796 -3.207319 -3.207319 -3.207319
32200 2.246796 2.246796 2.246796 -3.207319 -3.207319 -3.207319
32300 2.246796 2.246796 2.246796 -3.207319 -3.207319 -3.207319
32400 2.246796 2.246796 2.246796 -3.207319 -3.207319 -3.207319
32500 2.246796 2.246796 2.246796 -3.207319 -3.207319 -3.207319
32600 2.246796 2.246796 2.246796 -3.207319 -3.207319 -3.207319
32700 2.246796 2.246796 2.246796 -3.207319 -3.207319 -3.207319
32800 2.246796 2.246796 2.246796 -3.207319 -3.207319 -3.207319
32900 2.246796 2.246796 2.246796 -3.207319 -3.207319 -3.207319
33000 2.246796 2.246796 2.246796 -3.207319 -3.207319 -3.207319
33100 2.246796 2.246796 2.246796 -3.207319 -3.207319 -3.207319
33200 2.246796 2.246796 2.246796 -3.207319 -3.207319 -3.207319
33300 2.246796 2.246796 2.246796 -3.207319 -3.207319 -3.207319
33400 2.246796 2.246796 2.246796 -3.207319 -3.207319 -3.207319
33500 2.246796 2.246796 2.246796 -3.207319 -3.207319 -3.207319
33600 2.246796 2.246796 2.246796 -3.207319 -3.207319 -3.207319
33700 2.246796 2.246796 2.246796 -3.207319 -3.207319 -3.207319
33800 2.246796 2.246796 2.246796 -3.207319 -3.207319 -3.207319
33900 2.246796 2.246796 2.246796 -3.207319 -3.207319 -3.207319
34000 2.246796 2.246796 2.246796 -3.207319 -3.207319 -3.207319
34100 2.246796 2.246796 2.246796 -3.207319 -3.207319 -3.207319
34200 2.246796 2.246796 2.246796 -3.207319 -3.207319 -3.207319
34300 2.246796 2.246796 2.246796 -3.207319 -3.207319 -3.207319
34400 2.246796 2.246796 2.246796 -3.207319 -3.207319 -3.207319
34500 2.246796 2.246796 2.246796 -3.207319 -3.207319 -3.207319
34600 2.246796 2.246796 2.246796 -3.207319 -3.207319 -3.207319
34700 2.246796 2.246796 2.246796 -3.207319 -3.207319 -3.207319
34800 2.246796 2.246796 2.246796 -3.207319 -3.207319 -3.207319
34900 2.246796 2.246796 2.246796 -3.207319 -3.207319 -3.207319
35000 2.246796 2.246796 2.246796 -3.207319 -3.207319 -3.207319
35100 2.246796 2.246796 2.246796 -3.207319 -3.207319 -3.207319
35200 2.246796 2.246796 2.246796 -3.207319 -3.207319 -3.207319
35300 2.246796 2.246796 2.246796 -3.207319 -3.207319 -3.207319
35400 2.246796 2.246796 2.246796 -3.207319 -3.207319 -3.207319
35500 2.246796 2.246796 2.246796 -3.207319 -3.207319 -3.207319
35600 2.246796 2.246796 2.246796 -3.207319 -3.207319 -3.207319
35700 2.246796 2.246796 2.246796 -3.207319 -3.207319 -3.207319
35800 2.246796 2.246796 2.246796 -3.207319 -3.207319 -3.207319
35900 2.246796 2.246796 2.246796 -3.207319 -3.207319 -3.207319
36000 2.246796 2.246796 2.246796 -3.207319 -3.207319 -3.207319
36100 2.246796 2.246796 2.246796 -3.207319 -3.207319 -3.207319
36200 2.246796 2.246796 2.246796 -3.207319 -3.207319 -3.207319
36300 2.246796 2.246796 2.246796 -3.207319 -3.207319 -3.207319
36400 2.246796 2.246796 2.246796 -3.207319 -3.207319 -3.207319
36500 2.246796 2.246796 2.246796 -3.207319 -3.207319 -3.207319
36600 2.246796 2.246796 2.246796 -3.207319 -3.207319 -3.207319
36700 2.246796 2.246796 2.246796 -3.207319 -3.207319 -3.207319
36800 2.246796 2.246796 2.246796 -3.207319 -3.207319 -3.207319
36900 2.246796 2.246796 2.246796 -3.207319 -3.207319 -3.207319
37000 2.246796 2.246796 2.246796 -3.207319 -3.207319 -3.207319
37100 2.246796 2.246796 2.246796 -3.207319 -3.207319 -3.207319
37200 2.246796 2.246796 2.246796 -3.207319 -3.207319 -3.207319
37300 2.246796 2.246796 2.246796 -3.207319 -3.207319 -3.207319
37400 2.246796 2.246796 2.246796 -3.207319 -3.207319 -3.207319
37500 2.246796 2.246796 2.246796 -3.207319 -3.207319 -3.207319
37600 2.246796 2.246796 2.246796 -3.207319 -3.207319 -3.207319
37700 2.246796 2.246796 2.246796 -3.207319 -3.207319 -3.207319
37800 2.246796 2.246796 2.246796 -3.207319 -3.207319 -3.207319
37900 2.246796 2.246796 2.246796 -3.207319 -3.207319 -3.207319
38000 2.246796 2.246796 2.246796 -3.207319 -3.207319 -3.207319
38100 2.246796 2.246796 2.246796 -3.207319 -3.207319 -3.207319
38200 2.246796 2.246796 2.246796 -3.207319 -3.207319 -3.207319
38300 2.246796 2.246796 2.246796 -3.207319 -3.207319 -3.207319
38400 2.246796 2.246796 2.246796 -3.207319 -3.207319 -3.207319
38500 2.246796 2.246796 2.246796 -3.207319 -3.207319 -3.207319
38600 2.246796 2.246796 2.246796 -3.207319 -3.207319 -3.207319
38700 2.246796 2.246796 2.246796 -3.207319 -3.207319 -3.207319
38800 2.246796 2.246796 2.246796 -3.207319 -3.207319 -3.207319
38900 2.246796 2.246796 2.246796 -3.207319 -3.207319 -3.207319
39000 2.246796 2.246796 2.246796 -3.207319 -3.207319 -3.207319
39100 2.246796 2.246796 2.246796 -3.207319 -3.207319 -3.207319
39200 2.246796 2.246796 2.246796 -3.207319 -3.207319 -3.207319
39300 2.246796 2.246796 2.246796 -3.207319 -3.207319 -3.207319
39400 2.246796 2.246796 2.246796 -3.207319 -3.207319 -3.207319
39500 2.246796 2.246796 2.246796 -3.207319 -3.207319 -3.207319
39600 2.246796 2.246796 2.246796 -3.207319 -3.207319 -3.207319
39700 2.246796 2.246796 2.246796 -3.207319 -3.207319 -3.207319
39800 2.246796 2.246796 2.246796 -3.207319 -3.207319 -3.207319
39900 2.246796 2.246796 2.246796 -3.207319 -3.207319 -3.207319
40000 2.246796 2.246796 2.246796 -3.207319 -3.207319 -3.207319
40100 2.246796 2.246796 2.246796 -3.207319 -3.207319 -3.207319
40200 2.246796 2.246796 2.246796 -3.207319 -3.207319 -3.207319
40300 2.246796 2.246796 2.246796 -3.207319 -3.207319 -3.207319
40400 2.246796 2.246796 2.246796 -3.207319 -3.207319 -3.207319
40500 2.246796 2.246796 2.246796 -3.207319 -3.207319 -3.207319
40600 2.246796 2.246796 2.246796 -3.207319 -3.207319 -3.207319
40700 2.246796 2.246796 2.246796 -3.207319 -3.207319 -3.207319
40800 2.246796 2.246796 2.246796 -3.207319 -3.207319 -3.207319
40900 2.246796 2.246796 2.246796 -3.207319 -3.207319 -3.207319
41000 2.246796 2.246796 2.246796 -3.207319 -3.207319 -3.207319
41100 2.246796 2.246796 2.246796 -3.207319 -3.207319 -3.207319
41200 2.246796 2.246796 2.246796 -3.207319 -3.207319 -3.207319
41300 2.246796 2.246796 2.246796 -3.207319 -3.207319 -3.207319
41400 2.246796 2.246796 2.246796 -3.207319 -3.207319 -3.207319
41500 2.246796 2.246796 2.246796 -3.207319 -3.207319 -3.207319
41600 2.246796 2.246796 2.246796 -3.207319 -3.207319 -3.207319
41700 2.246796 2.246796 2.246796 -3.207319 -3.207319 -3.207319
41800 2.246796 2.246796 2.246796 -3.207319 -3.207319 -3.207319
41900 2.246796 2.246796 2.246796 -3.207319 -3.207319 -3.207319
42000 2.246796 2.246796 2.246796 -3.207319 -3.207319 -3.207319
42100 2.246796 2.246796 2.246796 -3.207319 -3.207319 -3.207319
42200 2.246796 2.246796 2.246796 -3.207319 -3.207319 -3.207319
42300 2.246796 2.246796 2.246796 -3.207319 -3.207319 -3.207319
42400 2.246796 2.246796 2.246796 -3.207319 -3.207319 -3.207319
42500 2.246796 2.246796 2.246796 -3.207319 -3.207319 -3.207319
42600 2.246796 2.246796 2.246796 -3.207319 -3.207319 -3.207319
42700 2.246796 2.246796 2.246796 -3.207319 -3.207319 -3.207319
42800 2.246796 2.246796 2.246796 -3.207319 -3.207319 -3.207319
42900 2.246796 2.246796 2.246796 -3.207319 -3.207319 -3.207319
43000 2.246796 2.246796 2.246796 -3.207319 -3.207319 -3.207319
43100 2.246796 2.246796 2.246796 -3.207319 -3.207319 -3.207319
43200 2.246796 2.246796 2.246796 -3.207319 -3.207319 -3.207319
43300 2.246796 2.246796 2.246796 -3.207319 -3.207319 -3.207319
43400 2.246796 2.246796 2.246796 -3.207319 -3.207319 -3.207319
43500 2.246796 2.246796 2.246796 -3.207319 -3.207319 -3.207319
43600 2.246796 2.246796 2.246796 -3.207319 -3.207319 -3.207319
43700 2.246796 2.246796 2.246796 -3.207319 -3.207319 -3.207319
43800 2.246796 2.246796 2.246796 -3.207319 -3.207319 -3.207319
43900 2.246796 2.246796 2.246796 -3.207319 -3.207319 -3.207319
44000 2.246796 2.246796 2.246796 -3.207319 -3.207319 -3.207319
44100 2.246796 2.246796 2.246796 -3.207319 -3.207319 -3.207319
44200 2.246796 2.246796 2.246796 -3.207319 -3.207319 -3.207319
44300 2.246796 2.246796 2.246796 -3.207319 -3.207319 -3.207319
44400 2.246796 2.246796 2.246796 -3.207319 -3.207319 -3.207319
44500 2.246796 2.246796 2.246796 -3.207319 -3.207319 -3.207319
44600 2.246796 2.246796 2.246796 -3.207319 -3.207319 -3.207319
44700 2.246796 2.246796 2.246796 -3.207319 -3.207319 -3.207319
44800 2.246796 2.246796 2.246796 -3.207319 -3.207319 -3.207319
44900 2.246796 2.246796 2.246796 -3.207319 -3.207319 -3.207319
45000 2.246796 2.246796 2.246796 -3.207319 -3.207319 -3.207319
45100 2.246796 2.246796 2.246796 -3.207319 -3.207319 -3.207319
45200 2.246796 2.246796 2.246796 -3.207319 -3.207319 -3.207319
45300 2.246796 2.246796 2.246796 -3.207319 -3.207319 -3.207319
45400 2.246796 2.246796 2.246796 -3.207319 -3.207319 -3.207319
45500 2.246796 2.246796 2.246796 -3.207319 -3.207319 -3.207319
45600 2.246796 2.246796 2.246796 -3.207319 -3.207319 -3.207319
45700 2.246796 2.246796 2.246796 -3.207319 -3.207319 -3.207319
45800 2.246796 2.246796 2.246796 -3.207319 -3.207319 -3.207319
45900 2.246796 2.246796 2.246796 -3.207319 -3.207319 -3.207319
46000 2.246796 2.246796 2.246796 -3.207319 -3.207319 -3.207319
46100 2.246796 2.246796 2.246796 -3.207319 -3.207319 -3.207319
46200 2.246796 2.246796 2.246796 -3.207319 -3.207319 -3.207319
46300 2.246796 2.246796 2.246796 -3.207319 -3.207319 -3.207319
46400 2.246796 2.246796 2.246796 -3.207319 -3.207319 -3.207319
46500 2.246796 2.246796 2.246796 -3.207319 -3.207319 -3.207319
46600 2.246796 2.246796 2.246796 -3.207319 -3.207319 -3.207319
46700 2.246796 2.246796 2.246796 -3.207319 -3.207319 -3.207319
46800 2.246796 2.246796 2.246796 -3.207319 -3.207319 -3.207319
46900 2.246796 2.246796 2.246796 -3.207319 -3.207319 -3.207319
47000 2.246796 2.246796 2.246796 -3.207319 -3.207319 -3.207319
47100 2.246796 2.246796 2.246796 -3.207319 -3.207319 -3.207319
47200 2.246796 2.246796 2.246796 -3.207319 -3.207319 -3.207319
47300 2.246796 2.246796 2.246796 -3.207319 -3.207319 -3.207319
47400 2.246796 2.246796 2.246796 -3.207319 -3.207319 -3.207319
47500 2.246796 2.246796 2.246796 -3.207319 -3.207319 -3.207319
47600 2.246796 2.246796 2.246796 -3.207319 -3.207319 -3.207319
47700 2.246796 2.246796 2.246796 -3.207319 -3.207319 -3.207319
47800 2.246796 2.246796 2.246796 -3.207319 -3.207319 -3.207319
47900 2.246796 2.246796 2.246796 -3.207319 -3.207319 -3.207319
48000 2.246796 2.246796 2.246796 -3.207319 -3.207319 -3.207319
48100 2.246796 2.246796 2.246796 -3.207319 -3.207319 -3.207319
48200 2.246796 2.246796 2.246796 -3.207319 -3.207319 -3.207319
48300 2.246796 2.246796 2.246796 -3.207319 -3.207319 -3.207319
48400 2.246796 2.246796 2.246796 -3.207319 -3.207319 -3.207319
48500 2.246796 2.246796 2.246796 -3.207319 -3.207319 -3.207319
48600 2.246796 2.246796 2.246796 -3.207319 -3.207319 -3.207319
48700 2.246796 2.246796 2.246796 -3.207319 -3.207319 -3.207319
48800 2.246796 2.246796 2.246796 -3.207319 -3.207319 -3.207319
48900 2.246796 2.246796 2.246796 -3.207319 -3.207319 -3.207319
49000 2.246796 2.246796 2.246796 -3.207319 -3.207319 -3.207319
49100 2.246796 2.246796 2.246796 -3.207319 -3.207319 -3.207319
49200 2.246796 2.246796 2.246796 -3.207319 -3.207319 -3.207319
49300 2.246796 2.246796 2.246796 -3.207319 -3.207319 -3.207319
49400 2.246796 2.246796 2.246796 -3.207319 -3.207319 -3.207319
49500 2.246796 2.246796 2.246796 -3.207319 -3.207319 -3.207319
49600 2.246796 2.246796 2.246796 -3.207319 -3.207319 -3.207319
49700 2.246796 2.246796 2.246796 -3.207319 -3.207319 -3.207319
49800 2.246796 2.246796 2.246796 -3.207319 -3.207319 -3.207319
49900 2.246796 2.246796 2.246796 -3.207319 -3.207319 -3.207319
50000 2.246796 2.246796 2.246796 -3.207319 -3.207319 -3.207319
50100 2.246796 2.246796 2.246796 -3.207319 -3.207319 -3.207319
50200 2.246796 2.246796 2.246796 -3.207319 -3.207319 -3.207319
50300 2.246796 2.246796 2.246796 -3.207319 -3.207319 -3.207319
50400 2.246796 2.246796 2.246796 -3.207319 -3.207319 -3.207319
50500 2.246796 2.246796 2.246796 -3.207319 -3.207319 -3.207319
50600 2.246796 2.246796 2.246796 -3.207319 -3.207319 -3.207319
50700 2.246796 2.246796 2.246796 -3.207319 -3.207319 -3.207319
50800 2.246796 2.246796 2.246796 -3.207319 -3.207319 -3.207319
50900 2.246796 2.246796 2.246796 -3.207319 -3.207319 -3.207319
51000 2.246796 2.246796 2.246796 -3.207319 -3.207319 -3.207319
51100 2.246796 2.246796 2.246796 -3.207319 -3.207319 -3.207319
51200 2.246796 2.246796 2.246796 -3.207319 -3.207319 -3.207319
51300 2.246796 2.246796 2.246796 -3.207319 -3.207319 -3.207319
51400 2.246796 2.246796 2.246796 -3.207319 -3.207319 -3.207319
51500 2.246796 2.246796 2.246796 -3.207319 -3.207319 -3.207319
51600 2.246796 2.246796 2.246796 -3.207319 -3.207319 -3.207319
51700 2.246796 2.246796 2.246796 -3.207319 -3.207319 -3.207319
51800 2.246796 2.246796 2.246796 -3.207319 -3.207319 -3.207319
51900 2.246796 2.246796 2.246796 -3.207319 -3.207319 -3.207319
52000 2.246796 2.246796 2