562 69017 15 0.050100 2128 1082
636 95684 14 0.114300 2129 831
510 66963 15 0.143500 2191 826
312 38956 17 0.148100 2194 966
324 44395 20 0.022300 1946 1139
583 59363 20 0.153100 2137 887
352 57781 19 0.064300 1901 1150
560 74021 20 0.082400 2088 1045
112 17483 16 0.119100 2060 869
413 35806 29 0.047900 2194 917
629 83730 16 0.104300 2015 994
105 14600 17 0.076900 1982 854
578 92290 20 0.101400 2133 984
820 69522 25 0.138100 1814 930
264 36906 16 0.111600 1803 958
557 74294 17 0.098500 1861 834
874 128581 22 0.134100 1973 870
831 69010 22 0.178000 2001 946
740 86370 19 0.138300 1843 1104
415 53661 17 0.094500 2156 1038
255 28366 16 0.037200 1887 1021
908 91741 15 0.173700 1947 830
516 59687 13 0.079100 2144 1068
574 79582 14 0.092300 2184 1171
525 83801 11 0.136600 1977 1159
908 95868 14 0.107600 2014 810
176 28700 23 0.024400 1855 838
797 83569 17 0.098400 1840 1004
897 152952 12 0.140000 2169 819
367 42045 15 0.049400 1800 938
241 27515 25 0.153600 1932 987
817 85754 17 0.082800 2057 952
545 78687 19 0.079500 2151 925
479 51337 26 0.145700 1972 1056
904 133685 16 0.053900 2174 980
652 95042 17 0.070000 1920 1143
667 86521 22 0.130400 1974 1017
194 27181 17 0.129400 2187 1119
524 69033 20 0.066100 2020 839
937 141135 19 0.034900 1884 983
600 86233 21 0.060000 2155 856
920 128082 22 0.058900 1838 808
195 21915 17 0.144100 1950 1068
816 113269 20 0.188300 1905 826
815 125378 22 0.087700 1916 1159
663 85408 20 0.088200 2064 988
834 82305 23 0.153700 2153 954
789 136266 17 0.078500 2052 859
767 124727 23 0.043600 2005 1094
183 19514 19 0.032700 2154 975
496 61396 21 0.119200 2064 852
984 175550 15 0.044300 2007 1071
211 29236 20 0.084700 1804 1140
844 88057 24 0.153200 1849 806
371 57242 14 0.110200 1825 1109
508 43333 22 0.073400 2057 1152
721 62997 20 0.109700 1927 850
992 149804 20 0.067200 2148 987
465 77456 18 0.083400 1939 1160
888 102998 17 0.096000 1936 943
420 45328 22 0.084300 1899 959
139 12655 16 0.052400 1954 991
565 75856 18 0.094300 2181 891
311 47254 17 0.103400 2000 870
721 57760 21 0.179400 2139 992
116 18048 16 0.068400 2179 970
308 39676 17 0.098500 1893 1028
159 19381 26 0.064300 2138 900
851 82891 23 0.140600 1829 922
556 72720 26 0.103400 2118 938
869 89440 16 0.136600 2153 829
919 71653 22 0.173700 2114 978
983 90106 17 0.168000 1888 878
326 41331 11 0.018100 2188 819
777 91916 25 0.100700 2174 1157
501 77806 18 0.113500 2181 962
851 93096 20 0.050200 2057 843
888 99670 26 0.167900 1952 847
217 21431 20 0.093800 1967 963
554 83752 14 0.089900 1918 1058
564 69173 19 0.095900 1946 1014
389 47358 26 0.192200 2200 1036
627 69974 17 0.143900 1890 977
256 30226 12 0.141500 1880 962
953 109497 18 0.083600 1922 1000
813 95759 20 0.105000 2049 1125
124 15389 17 0.132900 2087 978
735 64546 26 0.051400 1958 972
665 105063 16 0.026600 2087 1030
264 28333 19 0.123300 2009 1026
984 147235 17 0.012200 2166 920
508 66907 15 0.094900 2022 968
572 74985 23 0.132900 1994 982
911 139335 15 0.117300 1813 846
720 92642 18 0.152200 2135 869
302 41463 17 0.059300 1829 1094
320 44346 23 0.125500 2167 890
727 130445 21 0.144900 2157 1110
463 57879 12 0.114100 1874 931
646 59376 17 0.105000 2012 1121
